Direction:-10
Points:(31.38518,-12.85178):(31.40861,-12.85474):(31.40846,-12.8723):(31.38482,-12.87031):
Start:31.384406260869568,-12.86977847457627
Spacing:200
LineSpacing:200
OvershootSurvey:50
OvershootBlock:400
ElevationBuffer:60
Clockwise:-1
Elevation:1
TieLineSpacing:200
TieStart:31.405817260869565,-12.853388559322033
UTM:324762.33700689115,-1421294.1080113328:327307.5441475297,-1421605.722540223:327303.2789599284,-1423548.376826482:324736.1270214998,-1423344.2329015841:
initUTM:324690.85181482346,-1423285.7149803194
