Direction:-10
Points:(31.38518,-12.85178):(31.40861,-12.85474):(31.40846,-12.8723):(31.38482,-12.87031):(31.385,-12.86):
Start:31.384406260869568,-12.86977847457627
Spacing:20
LineSpacing:50
OvershootSurvey:50
OvershootBlock:50
ElevationBuffer:60
Clockwise:1
Elevation:1
TieLineSpacing:
TieStart:31.405817260869565,-12.853388559322033
UTM:324762.33700689115,-1421294.1080113328:327307.54414752976,-1421605.722540223:327303.2789599284,-1423548.376826482:324736.1270214998,-1423344.2329015841:324748.50354739715,-1422203.5670032972:
initUTM:324690.85181482346,-1423285.7149803194
