Direction:-268
Points:(-120.1696,50.1533):(-120.1837,50.1533):(-120.1837,50.1714):(-120.1696,50.1714):
Start:-120.18313208333333,50.15309888888889
Spacing:125
LineSpacing:100
OvershootSurvey:0
OvershootBlock:50
ElevationBuffer:55
Clockwise:1
Elevation:1
TieLineSpacing:
TieStart:
UTM:702186.0963639404,5559511.133659775:701179.0256508474,5559473.0023851795:701103.0223317646,5561485.065191593:702109.7120748751,5561523.1920883125:
initUTM:701220.4328017347,5559452.178318671
