Direction:220
Points:(66.06692709362272,29.95017483356383):(66.08054977064501,29.9407034178058):(66.08119531681004,29.90729628054248):(66.06778906999779,29.90605967700815):(66.06692709362272,29.95017483356383):
Start:66.07666670684189,29.94793169001015
Spacing:200
LineSpacing:100
OvershootSurvey:20
OvershootBlock:70
ElevationBuffer:20
Clockwise:-1
Elevation:0
TieLineSpacing:
TieStart:
