Direction:90
Points:(66.06692709362272,29.95017483356383):(66.08054977064501,29.9407034178058):(66.08119531681004,29.90729628054248):(66.06778906999779,29.90605967700815):(66.06692709362272,29.95017483356383):
Start:66.06878816621237,29.905685819749205
Spacing:300
LineSpacing:100
OvershootSurvey:70
OvershootBlock:100
ElevationBuffer:20
Clockwise:1
Elevation:0
TieLineSpacing:300
TieStart:66.08147447769849,29.910078642541826
