Direction:90
Points:(-122.6007797736244,49.16990053019654):(-122.6003717900868,49.16989619342215):(-122.6003712098693,49.17016724650559):(-122.6007774896479,49.17016795404182):
Start:-122.60076093429569,49.16990947949689
Spacing:10
LineSpacing:2
OvershootSurvey:5
OvershootBlock:5
ElevationBuffer:10
Clockwise:-1
Elevation:0
TieLineSpacing:0
TieStart:-122.60076819765133,49.16991098927811
UTM:529100.492761829,5446419.807594542:529130.2345166147,5446419.482354914:529130.1177827892,5446449.615049821:529100.5025091759,5446449.537488499:
initUTM:529101.8607746342,5446420.809712034
