Direction:20
Points:(31.36483,-12.90885):(31.38777,-12.90938):(31.38777,-12.93162):(31.36535,-12.93197):
Start:31.364447666666667,-12.916712882882882
Spacing:200
LineSpacing:50
OvershootSurvey:50
OvershootBlock:100
ElevationBuffer:60
Clockwise:-1
Elevation:1
TieLineSpacing:
TieStart:
UTM:322593.62308700016,-1427621.4760425098:325083.44720081135,-1427664.3425014953:325098.93107767694,-1430124.647831452:322666.3744868869,-1430178.7974408765:
initUTM:322557.6822497223,-1428491.582606409
