Direction:-5
Points:(31.38829,-12.95887):(31.39898,-12.95962):(31.39845,-12.97049):(31.38812,-12.96962):
Start:31.387931130434783,-12.96925906779661
Spacing:100
LineSpacing:50
OvershootSurvey:50
OvershootBlock:50
Clockwise:-1
Elevation:0
UTM:325174.35774864105,-1433138.8348140868:326334.71929658216,-1433214.5094603454:326284.75895768474,-1434417.3644066693:325163.42071353825,-1434328.1760093635:
initUTM:325142.67741240293,-1434288.3770846673
UTM:325174.35774864105,-1433138.8348140868:326334.71929658216,-1433214.5094603454:326284.75895768474,-1434417.3644066693:325163.42071353825,-1434328.1760093635:
initUTM:325142.67741240293,-1434288.3770846673
UTM:325174.35774864105,-1433138.8348140868:326334.71929658216,-1433214.5094603454:326284.75895768474,-1434417.3644066693:325163.42071353825,-1434328.1760093635:
initUTM:325142.67741240293,-1434288.3770846673
