Direction:-10        
Points:(31.043587,66.993850):(31.005478,66.994521):(30.965996,66.978683):(31.052170,66.983919):
Start:31.002900952173913,66.99455355932203 
Spacing:100
OvershootSurvey:60
OvershootBlock:60
Clockwise:1
Elevation:0
UTM:414685.6016317103,7432035.405375045:413026.61969266867,7432162.92164094:411247.7714505691,7430453.839978657:415025.1439555652,7430917.031701661:
initUTM:412914.39265948744,7432170.153264776
