Direction:80
Points:(-122.9225815136575,49.25577916745193):(-122.9210177849258,49.25577881453752):(-122.9210142502082,49.25601351387092):(-122.9226738322652,49.2564112399149):(-122.9226358307346,49.25580253169611):
Start:-122.9225,49.2559
Spacing:5
LineSpacing:5
OvershootSurvey:10
OvershootBlock:5
ElevationBuffer:20.555
Clockwise:1
Elevation:1
TieLineSpacing:10
TieStart:-122.9225,49.2559
