Direction:100
Points:(-122.9225815136575,49.25577916745193):(-122.9210177849258,49.25577881453752):(-122.9210142502082,49.25601351387092):(-122.9226738322652,49.2564112399149):(-122.9226358307346,49.25580253169611):
Start:-122.9225,49.2559
Spacing:1
LineSpacing:1
OvershootSurvey:1
OvershootBlock:1
ElevationBuffer:20
Clockwise:1
Elevation:1
TieLineSpacing:20
TieStart:-122.9225,49.2559
UTM:505633.53061045083,5455893.054179959:505747.3188857584,5455893.13260978:505747.5488462659,5455919.224448261:505626.7409908099,5455963.314926565:505629.575449148,5455895.6475426:
initUTM:505639.4483688287,5455906.493232806
